1 100
2 119.5
3 141.485
4 165.716
5 191.706
6 218.695
7 245.657
8 271.368
9 294.528
10 313.92
11 328.575
12 337.897
13 341.718
14 340.275
15 334.127
16 324.034
17 310.843
18 295.393
19 278.453
20 260.68
21 242.615
22 224.679
23 207.19
24 190.375
25 174.389
26 159.327
27 145.239
28 132.14
29 120.023
30 108.859
31 98.611
32 89.2302
33 80.6653
34 72.8619
35 65.7656
36 59.3225
37 53.4806
38 48.1901
39 43.4039
40 39.0779
41 35.171
42 31.6451
43 28.465
44 25.5983
45 23.0154
46 20.6892
47 18.5949
48 16.7101
49 15.0143
50 13.489
51 12.1173
52 10.8841
53 9.77553
54 8.7792
55 7.88388
56 7.07942
57 6.35671
58 5.70748
59 5.12434
