1 0
2 12
3 26.34
4 43.3182
5 63.2041
6 86.2089
7 112.452
8 141.931
9 174.495
10 209.839
11 247.509
12 286.938
13 327.486
14 368.492
15 409.325
16 449.42
17 488.304
18 525.605
19 561.052
20 594.467
21 625.748
22 654.862
23 681.823
24 706.686
25 729.531
26 750.458
27 769.577
28 787.006
29 802.863
30 817.265
31 830.329
32 842.162
33 852.87
34 862.549
35 871.293
36 879.185
37 886.303
38 892.721
39 898.504
40 903.712
41 908.402
42 912.622
43 916.42
44 919.835
45 922.907
46 925.669
47 928.152
48 930.383
49 932.388
50 934.19
51 935.809
52 937.263
53 938.569
54 939.742
55 940.795
56 941.742
57 942.591
58 943.354
59 944.039
