1 900
2 868.5
3 832.175
4 790.966
5 745.089
6 695.096
7 641.891
8 586.701
9 530.977
10 476.242
11 423.916
12 375.165
13 330.797
14 291.233
15 256.548
16 226.546
17 200.853
18 179.001
19 160.495
20 144.853
21 131.637
22 120.459
23 110.987
24 102.938
25 96.0793
26 90.215
27 85.1842
28 80.854
29 77.1146
30 73.8751
31 71.0604
32 68.6079
33 66.4652
34 64.5887
35 62.9416
36 61.4928
37 60.216
38 59.0889
39 58.0923
40 57.2098
41 56.4273
42 55.7327
43 55.1154
44 54.5663
45 54.0774
46 53.6418
47 53.2534
48 52.9068
49 52.5974
50 52.321
51 52.0739
52 51.8531
53 51.6556
54 51.4788
55 51.3206
56 51.179
57 51.0522
58 50.9386
59 50.8369
